7.588671875000000000e+01
1.337734375000000000e+02
7.588671875000000000e+01
1.530703125000000000e+02
7.805859375000000000e+01
1.708828125000000000e+02
8.240234375000000000e+01
1.872109375000000000e+02
8.783203125000000000e+01
2.035390625000000000e+02
9.543359375000000000e+01
2.168984375000000000e+02
1.052070312500000000e+02
2.243203125000000000e+02
1.182382812500000000e+02
2.272890625000000000e+02
1.301835937500000000e+02
2.272890625000000000e+02
1.475585937500000000e+02
2.272890625000000000e+02
1.627617187500000000e+02
2.243203125000000000e+02
1.790507812500000000e+02
2.168984375000000000e+02
1.920820312500000000e+02
2.035390625000000000e+02
2.018554687500000000e+02
1.857265625000000000e+02
2.051132812500000000e+02
1.664296875000000000e+02
2.061992187500000000e+02
1.456484375000000000e+02
2.061992187500000000e+02
1.189296875000000000e+02
7.697265625000000000e+01
1.189296875000000000e+02
8.294531250000000000e+01
1.092812500000000000e+02
9.163281250000000000e+01
1.063125000000000000e+02
1.003203125000000000e+02
1.040859375000000000e+02
1.084648437500000000e+02
1.033437500000000000e+02
1.377851562500000000e+02
1.003750000000000000e+02
1.486445312500000000e+02
9.889062500000000000e+01
1.605898437500000000e+02
9.740625000000000000e+01
1.730781250000000000e+02
1.003750000000000000e+02
1.844804687500000000e+02
1.085390625000000000e+02
1.214960937500000000e+02
1.189296875000000000e+02
1.214960937500000000e+02
1.293203125000000000e+02
1.204101562500000000e+02
1.411953125000000000e+02
1.193242187500000000e+02
1.515859375000000000e+02
1.128085937500000000e+02
1.664296875000000000e+02
1.171523437500000000e+02
1.664296875000000000e+02
1.225820312500000000e+02
1.664296875000000000e+02
1.301835937500000000e+02
1.649453125000000000e+02
1.377851562500000000e+02
1.634609375000000000e+02
8.674609375000000000e+01
1.263515625000000000e+02
9.108984375000000000e+01
1.218984375000000000e+02
1.052070312500000000e+02
1.189296875000000000e+02
1.117226562500000000e+02
1.233828125000000000e+02
1.052070312500000000e+02
1.248671875000000000e+02
9.217578125000000000e+01
1.278359375000000000e+02
1.432148437500000000e+02
1.189296875000000000e+02
1.497304687500000000e+02
1.144765625000000000e+02
1.627617187500000000e+02
1.129921875000000000e+02
1.703632812500000000e+02
1.174453125000000000e+02
1.638476562500000000e+02
1.204140625000000000e+02
1.497304687500000000e+02
1.204140625000000000e+02
1.062929687500000000e+02
1.916640625000000000e+02
1.128085937500000000e+02
1.857265625000000000e+02
1.214960937500000000e+02
1.812734375000000000e+02
1.247539062500000000e+02
1.797890625000000000e+02
1.290976562500000000e+02
1.797890625000000000e+02
1.410429687500000000e+02
1.797890625000000000e+02
1.529882812500000000e+02
1.827578125000000000e+02
1.443007812500000000e+02
1.886953125000000000e+02
1.356132812500000000e+02
1.916640625000000000e+02
1.269257812500000000e+02
1.931484375000000000e+02
1.193242187500000000e+02
1.946328125000000000e+02
1.128085937500000000e+02
1.931484375000000000e+02
1.073789062500000000e+02
1.916640625000000000e+02
1.160664062500000000e+02
1.886953125000000000e+02
1.258398437500000000e+02
1.857265625000000000e+02
1.388710937500000000e+02
1.842421875000000000e+02
1.508164062500000000e+02
1.842421875000000000e+02
1.388710937500000000e+02
1.842421875000000000e+02
1.258398437500000000e+02
1.857265625000000000e+02
1.160664062500000000e+02
1.872109375000000000e+02
