8.141015625000000000e+01
1.122187500000000000e+02
8.141015625000000000e+01
1.227812500000000000e+02
8.141015625000000000e+01
1.349687500000000000e+02
8.216796875000000000e+01
1.471562500000000000e+02
8.823046875000000000e+01
1.569062500000000000e+02
9.580859375000000000e+01
1.642187500000000000e+02
1.033867187500000000e+02
1.707187500000000000e+02
1.139960937500000000e+02
1.739687500000000000e+02
1.253632812500000000e+02
1.739687500000000000e+02
1.359726562500000000e+02
1.739687500000000000e+02
1.465820312500000000e+02
1.715312500000000000e+02
1.549179687500000000e+02
1.658437500000000000e+02
1.624960937500000000e+02
1.593437500000000000e+02
1.700742187500000000e+02
1.512187500000000000e+02
1.723476562500000000e+02
1.406562500000000000e+02
1.723476562500000000e+02
1.292812500000000000e+02
1.723476562500000000e+02
1.179062500000000000e+02
8.368359375000000000e+01
1.057187500000000000e+02
9.201953125000000000e+01
1.008437500000000000e+02
1.003554687500000000e+02
1.008437500000000000e+02
1.090703125000000000e+02
1.024687500000000000e+02
1.170273437500000000e+02
1.045000000000000000e+02
1.374882812500000000e+02
1.061250000000000000e+02
1.458242187500000000e+02
1.049062500000000000e+02
1.534023437500000000e+02
1.040937500000000000e+02
1.609804687500000000e+02
1.045000000000000000e+02
1.685585937500000000e+02
1.089687500000000000e+02
1.268789062500000000e+02
1.138437500000000000e+02
1.268789062500000000e+02
1.211562500000000000e+02
1.261210937500000000e+02
1.276562500000000000e+02
1.268789062500000000e+02
1.349687500000000000e+02
1.124804687500000000e+02
1.398437500000000000e+02
1.193007812500000000e+02
1.398437500000000000e+02
1.261210937500000000e+02
1.406562500000000000e+02
1.329414062500000000e+02
1.398437500000000000e+02
1.390039062500000000e+02
1.406562500000000000e+02
9.277734375000000000e+01
1.138437500000000000e+02
9.732421875000000000e+01
1.105937500000000000e+02
1.086914062500000000e+02
1.114062500000000000e+02
1.132382812500000000e+02
1.154687500000000000e+02
1.079335937500000000e+02
1.162812500000000000e+02
9.732421875000000000e+01
1.154687500000000000e+02
1.427929687500000000e+02
1.162812500000000000e+02
1.465820312500000000e+02
1.138437500000000000e+02
1.571914062500000000e+02
1.138437500000000000e+02
1.609804687500000000e+02
1.170937500000000000e+02
1.571914062500000000e+02
1.187187500000000000e+02
1.473398437500000000e+02
1.179062500000000000e+02
1.041445312500000000e+02
1.520312500000000000e+02
1.124804687500000000e+02
1.512187500000000000e+02
1.223320312500000000e+02
1.495937500000000000e+02
1.261210937500000000e+02
1.504062500000000000e+02
1.291523437500000000e+02
1.495937500000000000e+02
1.390039062500000000e+02
1.512187500000000000e+02
1.488554687500000000e+02
1.520312500000000000e+02
1.412773437500000000e+02
1.569062500000000000e+02
1.336992187500000000e+02
1.593437500000000000e+02
1.261210937500000000e+02
1.601562500000000000e+02
1.177851562500000000e+02
1.593437500000000000e+02
1.109648437500000000e+02
1.569062500000000000e+02
1.049023437500000000e+02
1.528437500000000000e+02
1.155117187500000000e+02
1.536562500000000000e+02
1.261210937500000000e+02
1.544687500000000000e+02
1.367304687500000000e+02
1.536562500000000000e+02
1.480976562500000000e+02
1.528437500000000000e+02
1.367304687500000000e+02
1.536562500000000000e+02
1.261210937500000000e+02
1.544687500000000000e+02
1.155117187500000000e+02
1.536562500000000000e+02
